4294967294,0
4294967293,131
4294967293,130
4294967293,129
4294967293,128
4294967293,127
4294967293,126
4294967293,125
4294967293,124
4294967293,123
4294967293,122
4294967293,121
4294967293,120
4294967293,119
4294967293,118
4294967293,117
4294967293,116
4294967293,115
4294967293,114
4294967293,113
4294967293,112
4294967293,111
4294967293,110
4294967293,109
4294967293,108
4294967293,107
4294967293,106
4294967293,105
4294967293,104
4294967293,103
4294967293,102
4294967293,101
4294967293,100
4294967293,99
4294967293,98
4294967293,97
4294967293,96
4294967293,95
4294967293,94
4294967293,93
4294967293,92
4294967293,91
4294967293,90
4294967293,89
4294967293,87
4294967293,86
4294967293,85
4294967293,84
4294967293,83
4294967293,82
4294967293,81
4294967293,80
4294967293,79
4294967293,78
4294967293,77
4294967293,76
4294967293,75
4294967293,74
4294967293,73
4294967293,72
4294967293,71
4294967293,70
4294967293,69
4294967293,68
4294967293,67
4294967293,66
4294967293,65
4294967293,64
4294967293,63
4294967293,62
4294967293,61
4294967293,60
4294967293,59
4294967293,58
4294967293,57
4294967293,56
4294967293,55
4294967293,54
4294967293,53
4294967293,52
4294967293,51
4294967293,50
4294967293,49
4294967293,48
4294967293,47
4294967293,46
4294967293,45
4294967293,44
4294967293,43
4294967293,42
4294967293,41
4294967293,40
4294967293,39
4294967293,38
4294967293,37
4294967293,36
4294967293,35
4294967293,34
4294967293,33
4294967293,32
4294967293,31
4294967293,30
4294967293,29
4294967293,28
4294967293,27
4294967293,26
4294967293,25
4294967293,24
4294967293,23
4294967293,22
4294967293,21
4294967293,20
4294967293,19
4294967293,18
4294967293,17
4294967293,16
4294967293,15
4294967293,14
4294967293,13
4294967293,12
4294967293,11
4294967293,10
4294967293,9
4294967293,8
4294967293,7
4294967293,6
4294967293,5
4294967293,4
4294967293,3
4294967278,132
4294967278,131
4294967278,130
4294967278,129
4294967278,128
4294967278,127
4294967278,126
4294967278,125
4294967278,124
4294967278,123
4294967278,117
4294967278,114
4294967278,111
4294967278,103
4294967278,99
4294967278,87
4294967278,76
4294967279,106
4294967279,94
4294967279,68
4294967279,50
4294967279,40
4294967279,27
4294967279,26
4294967279,23
4294967279,20
4294967279,19
4294967279,13
4294967279,10
4294967279,8
4294967279,7
4294967279,6
4294967279,5
4294967279,4
4294967279,205
4294967279,322
4294967279,321
4294967278,122
4294967278,121
4294967278,120
4294967278,119
4294967278,118
4294967278,116
4294967278,115
4294967278,113
4294967279,371
4294967279,194
4294967278,342
4294967279,368
4294967278,181
4294967279,278
4294967278,175
4294967278,558
4294967279,367
4294967279,416
4294967279,168
4294967279,366
4294967278,557
4294967278,112
4294967278,110
4294967278,109
4294967278,108
4294967278,107
4294967278,106
4294967278,105
4294967278,104
4294967279,104
4294967279,103
4294967279,102
4294967279,161
4294967279,365
4294967279,149
12,92
12,91
12,90
4294967278,148
12,89
4294967278,147
4294967278,146
13,0
4294967278,286
4294967279,136
4294967279,264
4294967278,102
4294967278,101
4294967278,100
4294967278,98
4294967278,97
4294967278,96
4294967278,94
4294967278,90
4294967279,383
4294967279,284
4294967279,96
4294967279,93
4294967278,556
4294967279,210
4294967279,209
4294967278,95
4294967278,93
4294967279,206
4294967278,92
4294967278,300
4294967279,92
4294967279,407
4294967278,91
4294967279,281
4294967279,203
4294967278,89
4294967279,325
4294967279,201
4294967278,555
4294967278,521
4294967279,199
4294967278,86
4294967278,85
4294967278,84
4294967278,83
4294967278,82
4294967278,81
4294967278,79
4294967278,70
4294967278,69
4294967278,67
4294967278,65
4294967279,83
4294967279,80
12,10
4294967279,81
4294967279,363
4294967279,320
4294967278,80
4294967278,192
4294967278,78
4294967279,78
4294967278,554
4294967278,77
4294967279,362
4294967279,252
4294967278,75
4294967278,316
4294967278,74
4294967279,75
4294967278,315
4294967279,361
4294967279,74
4294967278,73
4294967278,313
4294967294,473
4294967279,250
4294967278,72
4294967278,71
4294967279,314
4294967279,70
4294967279,400
4294967279,399
4294967278,68
4294967278,66
4294967278,295
4294967279,248
4294967279,179
4294967278,64
4294967278,63
4294967278,306
4294967279,277
4294967278,62
4294967279,360
4294967278,304
4294967279,246
4294967278,329
4294967278,326
4294967278,310
4294967279,359
4294967279,297
4294967279,167
4294967278,552
4294967278,165
4294967279,162
3,2
9,9
8,5
9,7
4294967278,158
4294967279,313
4294967279,157
4294967279,308
4294967279,59
4294967279,54
4294967279,52
68,2
4294967278,560
65,2
4294967294,1439
4294967279,414
67,2
4,6
4,5
4,2
4,4
4294967278,324
7,2
4294967279,145
4294967278,144
11,260
11,259
11,258
11,257
11,256
4294967278,139
4294967294,471
5,6
4294967279,276
3,6
9,4
9,6
4294967294,1440
68,6
68,5
68,4
4294967294,126
65,11
65,10
65,9
65,7
4294967294,1430
64,2
4294967294,489
65,8
4294967278,285
4294967278,341
4294967278,307
4294967278,274
4294967278,339
4294967278,305
4294967278,553
4294967279,240
4294967279,238
4294967279,38
4294967279,36
4294967279,405
4294967279,34
4294967279,391
4294967279,305
4294967279,394
4294967279,257
4294967279,390
4294967279,24
4294967294,1436
4294967294,1432
53,2
4294967279,358
4294967278,244
4294967278,174
4294967294,5
13,12
13,14
9,5
4294967278,551
4294967279,357
4294967279,319
4294967294,83
11,191
11,190
11,189
11,188
11,187
11,186
11,185
11,184
11,183
11,182
11,181
11,180
11,179
11,178
11,177
11,176
11,175
11,174
11,173
11,172
11,171
11,170
11,169
11,168
11,167
11,166
11,165
11,164
11,163
11,162
11,161
11,160
11,159
11,158
11,157
11,156
11,155
11,154
11,153
11,152
11,151
11,150
11,149
11,148
11,147
11,146
11,0
13,13
11,145
11,144
11,143
11,142
11,141
11,140
11,139
11,138
11,137
11,136
11,135
11,134
11,133
11,132
11,131
11,130
11,129
11,128
11,383
11,382
11,381
11,380
11,379
11,378
11,377
11,376
11,375
11,374
11,373
11,372
11,371
11,370
11,369
11,368
11,367
11,366
11,365
11,364
11,363
11,362
11,361
11,360
11,359
11,358
11,357
11,356
11,355
11,354
11,353
11,352
11,351
11,350
11,349
11,348
11,347
11,346
11,345
11,344
11,343
11,342
11,341
11,340
11,339
11,338
11,337
11,336
